
5
4.049198865890503
0.000000000000000
22

10
8.298077821731567
0.000000000000000
31

15
13.548644304275513
0.000000000000000
25

5
5.276749539375305
0.119932431614489
23

10
14.086311268806458
3.594338903284510
27

5
3.535084342956543
0.125152853864224
27

10
8.820511364936829
0.390704029090119
25

15
13.753804922103882
0.777508636523245
28

5
2.003319501876831
0.562000036239624
18

10
5.941206693649292
0.223498821258545
31

15
9.838401317596436
1.258466243743896
25

20
15.677647233009338
0.128717541694641
38
